4557
6479
-3465
8495
9687
8902
7231
-4844
-2899
8161
-9939
-7361
6368
-3789
-3374
6070
8018
-2108
-2994
9550
-914
-5696
7134
8865
-7796
2875
3048
-5037
-8049
-5553
1478
1858
-8481
-1822
-2263
9879
-993
7339
-5222
2003
-8220
-3441
6666
-4109
-9871
1988
-8568
9630
-2833
-6380
6626
8394
-6261
-2067
-7287
-9569
1752
-2254
-1212
1117
8012
-8213
1057
-5627
6432
-8500
-3790
1493
-4290
3645
4733
-7213
-2370
-5290
2836
5120
9444
-5021
8627
-6710
9113
3052
-2142
5951
4400
-7234
7536
4700
-7244
2818
4422
6963
8981
-641
-6164
-425
6299
2146
-3910
4096
-9494
-6655
-7854
-583
-3574
7367
-2855
-3718
4267
6624
-8538
1388
738
-9262
9030
9685
-116
7261
-9133
-7569
7504
-9635
1743
587
-6777
6936
-7128
7741
1779
-2960
-4347
-5902
-6013
-7406
3292
3357
9478
2299
6779
3241
-9180
-6464
8823
5902
1716
616
2125
9019
7228
9663
1258
9423
-2971
6076
-6831
-2931
-6362
816
-2927
5857
2351
5074
-5984
1870
-4417
-8420
7546
-6651
-8832
4395
-6090
4837
6529
8752
-3529
3355
-6074
1231
-8146
-4523
-1085
4492
7688
2140
6909
-2886
-5509
4289
6253
9449
-3483
-7084
-7853
4142
-6896
3657
-498
5785
5387
-8145
-8967
8547
-5556
-8165
7893
3696
673
4316
285
-2854
4588
-2852
6311
4283
4189
-8137
4071
6669
7785
618
-8681
-4229
5313
3689
3464
4772
-4463
-2630
5471
-970
-3701
-1904
-9548
7838
-5113
2472
-709
-7501
9441
8678
-7873
8707
-6657
-8676
-9541
1941
3846
8474
-6894
-3967
-1777
-5600
-54
-8766
6226
5306
3050
-1686
3456
-8736
-6340
9023
-1709
-4762
-8798
7848
-2055
413
4990
8459
8463
-409
-5874
7084
5343
-910
-596
7520
-7926
5619
3834
-3284
-3039
212
-4666
2700
-9731
-9686
667
-9315
1845
7753
-185
-8439
4261
-6909
6991
-8092
8775
-5272
2253
-7075
-9519
-241
6423
-3031
6217
4042
2540
7209
-9848
-5442
3601
-4482
9960
5398
4332
-8773
-2309
-862
3482
-4425
-672
-5192
-4720
-786
1892
-7891
-2115
8844
774
4115
-6717
-7420
-8926
-8720
-6660
-1631
2822
9063
7928
-9859
9240
2347
-1412
-2574
-6602
7478
-5374
-8855
-4438
509
-8279
8649
-6382
6462
-8838
-7448
4584
4889
-2142
-4761
2985
2840
1893
5658
5455
-2221
-9512
-3756
-5746
-4810
3308
-6852
-6481
-9645
-9164
6046
3545
6576
9837
-1122
-2471
-593
-866
-8736
3909
19
-6954
-8106
7330
-692
-6806
-6487
-6564
-1
-8970
5153
2908
-2649
-9687
-7739
6202
5628
4564
-973
-8387
-6319
186
8373
-2279
-9801
-352
7842
2575
3232
9736
2261
-9278
5280
-5359
-7101
4160
-6162
5262
-6674
6371
2860
-1798
35
9807
-901
9525
-9346
-2164
7583
9170
-9262
-1621
6352
-945
1343
-338
775
7203
2838
-1181
-2956
-1672
-3867
7200
5122
4739
-8523
2271
5387
6824
364
-1582
4720
2477
3840
292
-945
-6153
2888
-559
-9260
8742
7562
-9034
-2180
7327
-3541
-7062
8011
-9951
-3789
2126
-6853
4136
607
7362
-5893
9461
2615
-2421
8165
-9036
-4864
4664
-3818
7836
-7879
-8762
3128
9096
2907
9305
2342
-8860
-9011
-811
-5537
9343
-6053
1178
-1113
3541
8115
-982
1824
2379
-7231
-8449
4659
2839
7130
5888
2413
2782
-397
-3134
5459
1937
7367
-4971
-325
-9870
-7142
3965
-2743
-5925
5769
-1088
840
6535
-2333
6988
-7566
3034
8791
-1115
-3211
-388
566
4487
7691
3531
-3726
-4762
5076
-350
1663
8883
-9736
-8269
3562
609
-6036
-6131
-3559
-7509
906
5635
2884
-22
8924
2760
-2472
4167
-2138
8325
7063
3347
-5304
5998
6439
2407
-113
-5727
-3232
6480
-5502
3657
-8869
-8544
-3391
-4966
-8394
1112
-6442
8817
-3390
-7839
3846
-9481
178
-177
-8570
-7977
-7279
2454
-3241
-5730
4725
7497
9656
4864
-8331
-2119
1918
2240
-2644
5741
-3327
-3583
2669
-6893
8117
66
5727
-7744
-2818
-2792
6502
-143
4936
-456
-6466
-397
4915
-8665
-490
-2802
4021
-8989
1010
-5724
-880
-8271
-1076
1535
-8069
-6492
-389
6487
-1813
-5295
3120
-5577
9723
-7236
-3840
569
8381
-1804
6995
-5978
-6523
4214
7163
7852
-9023
-5889
7079
-7054
1387
-9161
-6900
8910
-2949
-8072
-912
5976
-1974
4912
-1026
-6334
-6645
7079
-4832
-9508
-703
-2215
6797
548
7873
2081
-2451
-1782
-8385
-9411
7346
-5194
-4557
2266
8170
-8088
9684
6739
6870
-2239
5306
-199
-8176
8288
-6584
-5918
-3767
-5367
-958
6642
-3752
-2225
-777
4052
9305
-5229
4907
-291
-6475
390
-3912
3048
-1962
-3466
-7541
9308
-3759
7240
-5427
-1480
8252
-1936
-1287
7228
2946
-2279
7959
8932
6309
3410
5495
3740
-6816
93
-9441
-4876
9565
6793
4339
6460
5479
4554
8521
4710
3749
-5852
-9749
7442
5430
3777
-1009
6362
7519
6093
-3070
-9199
-7789
8172
-2556
-360
-6697
-7096
-7195
7861
-1272
1080
7233
-6321
63
9353
4814
-8769
-5000
5206
8548
-5480
4826
-8936
3865
-4021
3954
3047
3856
-2368
-2136
-9097
-2408
8736
8141
-3470
-8431
4302
8773
-7715
-9206
-944
5396
-9857
859
6052
-1713
2960
-8052
-1076
-2155
-1042
-118
-5775
5807
-7237
3124
-940
-1224
3024
1907
-6811
-4808
-6371
-1199
-2052
3998
-1792
-4130
-176
5205
-9206
8365
475
-8363
3538
9231
8511
-8163
-6492
-9809
-9950
-1759
-6566
-4246
-3791
1063
-6134
8252
6351
-7536
-2403
-78
-8699
-6222
3797
5356
-9477
8899
1860
4166
4685
8704
3140
-6941
2049
-5384
6406
8147
1988
-5808
6541
2623
-7845
-6855
-1104
-712
3511
-6560
-3678
2812
1745
1828
2422
3215
-7190
-7857
-8341
5508
-9037
-5056
8701
3420
-461
664
7221
2717
-664
7058
2292
7858
-1869
-3969
-3956
6929
7853
-3504
9093
-485
-1453
321
4022
1943
8861
-6207
1833
-9604
4434
2030
6991
6466
9954
-1363
-990
3413
3354
9823
7143
-2626
-3227
-1785
2889
-7827
6834
228
-323
493
9409
-1835
498
6502
296
2612
-9497
8296
-5032
-9717
9254
398
8910
6254
-4241
6546
-214
902
7463
2999
866
4769
-8355
3101
-2120
56
7504
-4465
-440
-2792
-8401
-9028
-5291
3494
-9236
-2439
330
-1701
-1739
5646
-9604
-7865
9972
-8092
-9172
8840
-320
5743
-2312
-2227
-2452
8954
-4233
7390
-7509
-7128
8893
1902
4130
-6851
-3454
1099
-9865
5752
8982
3004
8738
1996
-1080
6481
3651
-5447
4878
2056
-2654
2171
4
-9379
9005
3548
490
4782
-9742
-2441
2075
-4855
8203
8906
6722
-5069
736
-8328
-6459
17
5428
-4112
4355
1937
4178
6447
7831
-8539
-6725
7263
5239
734
1960
871
-4494
-8378
-5924
3778
6848
-6394
5871
-2151
-3007
9096
-8949
-5985
-7744
4147
-9658
-9179
-9195
-2060
-5349
-6464
7219
-8894
-9705
-884
6935
-2230
-5793
5969
6139
-5654
2615
9878
8990
3026
2365
393
837
3831
1580
-3559
4187
-7540
-8830
1040
7033
-924
3851
-6029
5496
-6838
4862
-4815
890
-6298
-2882
-7042
-3382
-846
-838
-9678
6994
8668
-4704
7154
1441
-2209
-9886
-1397
-5025
-3969
8771
4852
-3847
-2711
8067
-513
54
4726
-348
-5601
-7297
-6152
7692
3998
-7710
3904
-6061
-8492
3112
-2804
7380
6280
-4455
5914
6807
435
-3464
4946
-233
613
9898
5346
323
1134
3752
3851
8630
-53
1302
303
-30
957
7821
8281
-3694
-933
-2602
-8850
9163
9264
-4842
6782
-3823
6743
-6514
2519
-6001
1873
-5588
293
5709
9231
600
8974
3146
8579
-254
2645
5168
7429
-646
8213
-4962
-1672
-4391
9352
2264
5742
-7088
2084
251
-1822
6984
5294
2989
-7535
3331
1651
7688
6105
7990
5033
-4681
-667
6115
3960
5739
-5786
-2017
-3130
4536
9368
3144
5930
-8107
-7089
-9426
9802
8812
8377
4352
1196
-7956
-5543
-5057
-3870
-1711
9104
-2693
-683
-8337
3417
4710
-9150
-8251
-8430
-9936
3104
-3934
7175
-5216
-4262
5971
-3234
-8348
9603
-7467
5794
-8502
1805
9520
-6459
-6986
-6372
3709
2997
9092
-2659
-5590
-5478
-2941
-1233
-892
-1492
9814
7180
9180
1462
8607
2407
8728
-4263
-3225
6346
8010
1143
612
1933
-5364
4007
-7305
6302
5064
6733
8033
3067
8711
1953
4559
-733
502
2247
5856
-9805
-2641
-5095
-2633
-2177
3460
-543
-9415
2473
6877
-8163
-4344
-547
-337
-3754
9701
441
6537
-606
-3805
-7640
6287
-1795
-7271
8743
7001
3948
-5864
-2280
-860
-2861
-2821
-930
-5207
8731
-7450
9838
-4880
8390
7014
-8396
-8280
3684
-5711
-6229
5249
5018
-8278
5546
2341
9892
4804
8038
3846
8663
8678
-3450
-5518
-5918
-318
-3714
8407
3359
-6848
1967
9800
5861
257
-773
-4323
-2920
1731
2218
-9658
5436
9265
-8515
-8690
-735
7417
-7401
3855
3730
7914
-3666
-2294
9713
-2348
4423
9265
2388
-614
3495
-2824
8604
2969
-1714
6314
-5955
-2834
8659
-1594
8789
6722
1859
6929
-1238
-9386
6166
-6786
525
2142
-4142
-7201
-604
-9074
7847
5721
1933
-2625
-535
-1953
-2618
-3458
-7379
1340
6165
5861
-8178
-8528
8766
-8204
5637
7766
-1832
-7375
5801
-2433
5869
1302
-5317
6884
4354
-5239
-716
-1869
-1281
-6546
4009
-3245
2692
5088
-9650
-5188
597
1100
-6620
3117
-6441
-7801
-152
8234
2075
-1210
-7349
-7233
8156
4554
6628
6850
-6019
-8335
8692
-1389
5129
-2990
-1302
-3062
7779
9002
7729
5826
886
-3171
1131
6352
143
7583
7270
-6117
-3274
-8858
636
420
7627
1021
716
9564
-9232
-1096
7749
2442
7885
-9099
9365
-677
-5341
-6852
-5364
6024
3840
1159
2671
-4379
4666
-3226
176
2801
-5686
-2692
-130
1316
-1385
-6062
-8954
6410
3298
4196
5480
-6452
-6151
4701
-9629
4943
-4118
-7034
8702
6760
5062
1103
-6009
3576
-8797
-2933
-4297
7386
5880
8610
-6734
8959
2091
-8250
3723
1749
-1106
-9181
9166
647
-2388
5022
6248
-951
3147
-4601
7764
-1511
-5257
-784
-2753
-2146
2901
3406
-3747
2539
5013
-7120
4376
-7228
-5762
1358
9911
-6156
8163
210
-6168
8008
-2814
7666
-1498
3360
-1519
-480
4030
-4467
3523
5163
-8369
-8829
-4926
-1614
8424
-9829
6236
3165
4782
-1803
-8885
-7436
8951
9665
7914
-6180
-4401
9112
-8165
-1101
4224
-5108
-9236
3432
3921
3378
4047
5858
3211
-8055
3311
8469
1976
6262
-4503
2276
833
-1831
7127
7577
6238
8989
-3243
7700
453
-4245
-7577
-7151
9548
-4095
9007
4997
7316
-9205
5797
7703
-6479
3624
2359
3235
4447
-2256
2677
-8040
-4541
7048
-7906
-2970
-5361
-5272
-344
4520
9385
4901
5477
8217
-8215
-1828
658
-7204
-1119
4449
7932
-5133
-8071
7353
-1997
-3633
2115
9493
7800
5552
-2733
-2988
-8560
9866
6612
-1270
-3220
2400
5387
4561
5865
8243
-687
8255
-9192
-6487
-9312
6408
7371
-7104
-1381
-222
8390
6568
7113
-5478
-2007
-6536
-1650
8092
4165
-7503
-3520
7001
-6495
-7621
-7611
7789
900
-7827
3776
4618
-2733
1110
9802
7137
9057
4616
1258
-8973
-2837
-3723
1869
-8715
-3034
786
4274
-8962
-8119
-3154
-8797
1528
-7196
-4870
3570
8211
-9565
9888
-2618
1047
641
4822
-5447
4998
1811
573
4282
-558
7714
2202
8922
-3284
743
-6806
-6827
-836
8743
-1398
-8731
4885
312
-4012
7680
-9799
-6244
-5733
2739
3690
-677
2311
-2876
2377
5541
5264
4601
-9167
5167
-143
-265
-1725
3354
3891
2062
-682
5032
-7334
4247
-426
2003
5399
-8928
-4198
-9037
4041
-5277
1941
115
-3921
-9760
-4047
-872
-2411
-9588
626
1963
7664
883
2252
-5514
6315
-480
-2526
7792
4663
6170
8953
7646
8269
6
7661
-4629
4731
-7205
4434
1310
-3659
-5506
-8330
1148
-9931
6657
3366
151
2431
5206
-2208
-2737
-3324
-631
-3978
-4929
-5519
1324
-7730
4311
-5405
-6771
9293
7857
978
-1938
-7574
2343
1245
-9454
1893
-16
-9025
-6000
6573
687
5562
1926
4771
-170
-601
-55
3424
5765
5824
-1449
-4276
260
469
-9130
-1894
-7287
2475
1326
-1091
-9068
-1639
-9418
-8330
514
-600
-1164
7840
211
-4621
-5726
-8019
4752
930
-8748
-7063
4463
-7066
-5340
-9371
9329
5241
-4458
274
1265
9043
-6448
-1448
-5448
1735
-9077
2249
477
-347
2351
-6882
-3043
744
-3287
-7998
-7505
-4939
9705
-806
-6185
-9857
8794
7754
5630
5038
4362
-6394
-2380
5874
7236
-3955
6114
-9696
6168
5155
-4603
7175
-7387
-7490
-9396
4116
6960
210
6862
7119
-3175
7521
4473
8969
7390
8745
-2116
-2445
-4148
7326
9304
-8960
-4406
7885
5088
1659
8262
7263
1755
7541
6296
-5581
-8942
-3227
1199
4353
-9186
-9631
-9806
3167
-51
7352
-9212
7705
8587
4676
-1326
5901
-7466
-7375
4326
-7258
999
7645
1175
3907
3880
8963
3661
2290
6553
-7672
-1400
1457
7686
-5173
-6554
3371
-7792
-9977
-9275
4075
-3215
2293
-6087
-8821
7707
-939
-5310
5756
491
9407
1107
6985
139
724
8371
-4602
-5416
-2348
-3632
1649
15
8560
3093
-4625
-7
2691
9100
70
-4631
-7676
-9882
7241
-835
8502
3581
-8400
5488
6838
-1435
-2768
4505
6952
-1903
8892
-8283
5285
884
6433
6609
-5391
-8100
-3603
8784
7544
1082
4576
-360
4455
-2852
2448
4142
8987
5972
9113
-4590
-2414
6207
-7140
-1075
-3871
-6086
-1629
922
4241
3517
-2432
3924
-3823
-7190
-4454
-4574
1854
2092
2219
9020
8764
1942
9573
-9656
-3996
9976
737
3314
3182
7455
9178
-8784
4068
9656
-7735
-9781
-3772
-8307
8434
-562
6433
324
1167
-9848
8059
4839
4310
8759
302
-2881
7436
-6673
-6428
9691
1254
3861
-6170
-9639
-7442
6652
-435
3861
5043
-4118
5509
3077
-1457
-4598
8409
3343
-7614
-7373
5196
-3422
7524
-1649
1406
8361
9831
-3677
-6785
8273
6797
-2940
7668
-2497
-9253
986
7847
-7073
-3436
575
8833
5150
-7239
596
2431
3165
-6968
3284
510
-4079
3088
4632
-4563
-3600
-6239
-9184
8654
-8902
-4261
3237
-3167
-285
456
9718
-3558
-3147
982
-6356
-9933
4018
5933
7127
6039
-37
-8806
191
-7732
-1098
-9052
8158
5150
3230
3667
9261
-47
-1279
6721
1796
5412
-4817
-7967
6377
-2890
1212
-4736
8104
-448
4065
6891
5593
8265
5852
8426
4624
-4996
2573
1406
-7556
36
7990
-1595
4225
-1130
7324
-362
6788
-2677
-6491
-8359
5389
-4583
-5461
5265
-7090
8268
-8418
-6440
6180
-6808
4251
5037
8938
4448
7344
2659
-8413
-3659
2710
-8361
7032
8833
-2261
-2054
-7642
-5198
8973
-624
8934
2139
8708
-7946
-8711
3500
2693
-6987
3780
-8014
3482
9626
-8207
-9914
-8768
3101
6295
8213
-1866
-9860
6888
8067
-4248
-3188
-6106
8945
-3365
-1110
-2785
-6657
-6194
8428
4344
2062
-2043
-7348
9130
6476
2430
373
4409
-8222
-9264
739
-1938
-9089
1795
-6381
-503
-8268
-6967
964
4692
-8989
9733
1133
8886
2596
5471
-5305
8580
2261
-1631
7909
-7502
1751
9193
7788
1634
-3784
-1670
-9487
-9211
-2284
-1389
6266
4159
4354
968
-8215
-3998
3513
-486
5657
-591
-6445
9759
5505
-9557
-5956
-6192
5330
-8454
-4638
-7839
-4349
606
8200
411
8211
609
3169
-4449
-8479
1217
7472
2649
4960
-4394
-3050
-4802
3885
-6669
7974
1876
5759
6151
3377
-1145
-1304
8233
4656
8288
3032
-6338
-6989
1974
-8278
5322
1393
-9217
-1407
-1418
-9100
350
1288
-7510
8828
-3820
-1539
6415
-5402
2812
-3610
-4915
-520
-6935
-8398
9386
-3869
9623
-7505
-1390
5652
3492
-7651
5079
-3565
-966
-910
4544
-5118
-4391
-8156
6731
-1082
-7826
-3786
-6632
1644
-3254
9645
234
4462
2898
-2665
1322
-2575
-157
-4188
-8800
-3588
-9064
5834
-4838
-3606
-535
8611
-820
4500
-1445
-4492
-2289
-7229
7655
-797
7184
-9153
2111
-7633
-5985
-3185
-8059
2248
877
1433
6610
-1452
-3985
-3072
-680
102
-545
4470
1233
-1793
6209
2770
-4371
-1301
-7575
-1451
2253
-6715
6206
-2213
5852
-3076
2231
3632
7690
5749
-1074
9838
5789
8986
8562
-5985
2146
7054
-1052
2953
-2973
8057
-4923
-7566
-5562
9130
-3892
-722
9911
9546
-3915
5757
-2041
-6407
-819
-8237
1908
-1474
-6091
-2870
1419
-6607
-9277
-9456
-6751
-2619
-4599
-9174
5681
-3657
-9793
6887
7838
-6488
7560
-6072
-8217
1581
7036
7394
-2085
9123
1135
-9418
169
2820
3403
8274
946
4231
5973
5518
-2797
-6302
-2747
6280
9358
3601
3000
-3850
-7538
2314
8783
-6298
7450
-1663
-8469
-9133
4240
-3561
9026
3532
-6351
-9924
4625
-2905
-5725
7489
4033
1149
-4615
8016
-2273
-5901
4859
-3249
-7535
-1205
-9784
-1329
9819
-2824
7098
-7348
-1798
6143
-4616
7021
610
-3695
-2483
2989
4181
811
-7899
-7851
6563
3380
-4888
2710
4997
7284
-2068
-7612
2096
3185
-9480
4716
3343
2447
-7096
9849
4678
-883
5059
-257
-811
-9087
-8242
-3404
6781
2658
901
3508
-2189
3072
2132
-8891
-8480
8936
4261
7480
764
3453
1558
-2800
-5468
4075
7712
-2509
-1530
8592
4860
-4924
9497
4673
6869
3151
-9728
-2861
6534
2419
7970
-882
7034
-8556
9617
-621
8730
3000
8631
-4655
-2815
-3739
-5970
-8320
-529
4061
-2203
-6772
-8214
5078
3389
5433
-7600
-3526
-8648
-6719
1161
-7644
3971
4673
-678
-8931
716
1398
9501
9185
2194
2142
-4658
-4526
8465
-3826
-8068
-1363
-5030
7349
5739
-4224
-832
2470
-4531
-5648
-7062
7367
-7515
7728
7604
-4472
7317
8866
-3934
971
-7471
-2580
-4092
-4056
-5495
-5953
-2332
6036
-244
-7998
762
8721
-4851
-579
-4173
1377
-7375
-2779
-3818
6163
-2351
4353
5998
2499
9166
-6187
-6493
5503
3385
-3938
9123
-5581
-2224
-1331
3543
-9450
5667
-3164
4757
-6619
7864
-8863
-2050
-5426
-882
-4131
-2490
9212
6417
8983
500
1421
8800
3623
-7029
-3864
-6757
1016
-2285
-2833
-7344
3866
4603
4161
6961
8033
-3196
-5666
-6618
8668
-9006
-9583
-1292
-9593
3357
-6399
6199
2485
5117
-9385
-1211
-4835
-8401
-981
-468
-3979
-1410
-6072
-8654
9233
-9519
1784
5954
4576
6366
9299
6492
2500
-140
9904
7365
-9969
7458
4722
-7503
9770
-9230
-7849
6687
1430
-2246
3717
-7608
-93
6380
8416
-5017
-4801
-257
-8457
-1817
7746
6593
-3532
7280
-2801
520
-4422
-3575
4930
-7035
7890
-5709
-121
-1195
-3189
4587
1386
5432
4347
6375
-5674
6729
-8852
-2976
6528
2387
-3990
-6673
6166
-1930
-9445
316
-128
6057
-474
2363
5105
2513
5864
-9654
1764
128
9673
858
-2609
-7585
-9255
-8581
1014
-9723
-8998
7455
-7745
2657
663
-6482
-6482
6468
8908
2572
304
5821
-9952
-647
-2308
-3708
7336
-8407
-8879
5148
312
2632
-1257
1927
8829
-8586
-5394
-6566
2459
7479
-3817
-7259
-67
2454
3630
-959
3311
2694
-4784
-2716
-371
-9359
381
-5834
-9087
-6215
-3281
-3970
7684
3475
7251
-1979
6762
-8301
-7860
-4876
-4166
4878
1882
1129
-3247
8593
8728
-4607
8716
4367
-9588
6121
-4765
-2252
3188
-9838
-9297
1699
667
-7431
-6957
1343
8051
4180
739
4091
2691
4656
9569
8869
5072
-789
2948
-8711
-8177
-9957
-1271
-6495
-6741
4687
-2867
-2364
-1273
2665
-101
9655
6306
3277
8861
9792
5831
3288
-9365
-529
7943
-3390
-1051
2617
-1573
4215
-507
241
-7420
-7811
5172
6476
6493
987
-5676
-15
7497
-4352
-2061
3951
-8573
-7081
3973
387
-5854
-9032
-1164
4082
8587
4252
-3686
1470
-6825
7078
-7294
-2342
1832
2008
-6843
3613
7002
-5816
7220
-9426
-6379
-4026
9589
6169
1794
-2167
815
-5716
9494
7072
-9484
3504
7763
5958
-3154
-1518
-3874
2814
2957
4905
7993
7720
340
-3884
-5509
9839
-7222
-7863
-2985
4513
7612
-7110
-4843
1671
4838
-8013
-9995
5391
9134
-4833
-2784
3214
8822
7461
-7614
621
757
5341
-8620
3819
-1899
4413
-2594
3831
-7799
-1900
1243
-8100
-6506
-5838
-509
9532
7710
-9871
-5808
-7447
-3922
-2302
-8861
-1227
6639
3958
-2071
5237
-6500
1708
4018
2717
7994
5784
-1778
-1849
-4116
-4965
-851
5054
-7239
4855
1251
-9790
8425
9622
3078
1588
-3225
6285
8069
6925
3560
3318
4526
1628
-7182
-4775
-394
-2017
-3982
-7029
115
5936
267
4377
-9681
7835
-2602
8913
4130
1171
-9517
-7442
-4553
6802
7237
-5300
-2270
5044
-296
5397
-376
9762
448
5609
-4735
-2267
-6358
-9448
-5051
7830
6179
-899
6644
-3887
-1841
5634
-3873
-671
5306
3943
9879
9103
-2553
-915
8868
-5110
427
-2048
5372
6473
1095
-2680
8088
-9650
-9102
-7321
-2403
7683
-899
6140
8993
-4531
-2698
4955
-8139
3594
4960
6344
3093
5946
-5669
-74
-9683
-4845
9936
-9061
-7430
-6220
5717
3144
-671
-7071
120
9744
-9280
-6423
-8239
-6145
-121
-9348
4798
2489
-7368
7800
8126
-5244
-5266
6705
-4735
4231
5080
287
-7458
-8802
4202
3458
8771
-6683
697
-4155
275
-2962
3198
8548
-9708
1132
-5916
-5313
6772
-3714
-7486
1147
4050
-9638
1422
-8239
3905
-6170
7638
2491
4235
4979
9562
-3574
-9177
-902
7174
-2417
-6807
3667
9873
3305
-1218
6591
9531
7824
-4492
361
6136
-5582
6386
8278
-5721
516
9466
-6101
6364
3240
-1908
-5477
-2123
41
8314
9923
-1624
-7832
4300
6466
106
3110
7684
2647
5541
-5786
-888
5640
-5248
571
4316
1331
380
-328
7868
-8211
3630
-8160
110
4080
-6470
2493
-2221
4296
-6457
-5951
9293
4638
405
2615
-574
7273
-6054
-3445
7299
-2850
-2630
6067
9829
2258
3254
-2600
-270
5846
3834
-622
9858
8656
2920
4723
8479
-7275
6416
-6907
4414
-5305
-3504
-5958
3908
6573
2093
-4478
1365
1338
185
-5214
-4194
4382
8768
8269
8596
-9401
-8538
9504
-8515
-2712
-8832
-5827
7451
5650
-3391
4853
-9747
-720
8276
4929
2775
-7428
1649
5856
6574
-9232
-3587
6966
654
-5223
1527
-4512
-1121
-3138
-8115
-8643
9860
800
-2305
136
9566
9673
-1705
-553
9259
4584
9996
7415
1356
7507
3884
5342
2339
3902
-2350
1336
-378
-3785
5492
-2787
-3584
-438
894
-4846
-3997
7524
1328
-306
-1190
7284
-7181
8084
-4547
6967
8027
8591
-4914
5132
-4999
-4306
7664
9768
-7069
9611
6436
-77
5164
-6555
-3099
6856
284
7815
8226
9073
541
2386
1372
-2603
9456
1211
682
-7494
-6073
1627
-8170
-3002
9614
7067
4434
-8057
-6408
-6777
-6163
1663
468
1322
8451
8743
6086
-9891
3853
-3394
-3969
440
-6285
1538
-1080
-8178
4904
2959
297
7362
-1932
72
-162
9855
3688
-8038
3205
4022
-5071
7023
-2094
-309
-1236
52
8132
-1858
-7745
8969
-6305
4605
-6303
1876
-1050
-3610
-7423
3313
-1402
-2529
-9147
986
142
-2935
-5451
5276
7458
-9888
4420
-4754
9312
-1482
-256
895
-1652
-3719
-8743
4767
-9850
-4038
3561
-7124
7028
8266
6214
-2063
6010
5812
6077
2332
8274
3802
-7993
-8312
9592
5538
3234
7800
-8018
-1236
-3255
-1548
-6216
-4784
167
7728
8887
-9113
-9417
3130
2392
-270
-9474
-5980
-6084
1947
4976
-9691
7681
3233
-7958
1444
-7039
4106
-9611
5726
-843
-3550
2602
5823
-7666
-8496
-9738
4271
-5655
7389
-7804
-8033
-6430
6282
3044
7206
-424
-9343
-9049
-8477
9294
4783
6283
5702
-9925
-1854
-3858
2650
-1513
-4236
7087
8599
3040
-4014
-647
2018
-6052
6813
-6416
-7863
7721
-8652
6804
-5252
-4565
-6722
-821
-2586
-6757
-4683
-1363
-3609
4149
-2151
-4168
-2073
-4615
2758
9321
2428
203
-5204
4024
8240
-5075
-446
-4626
-2457
-2332
-2223
7626
4734
-6841
-330
-5814
-9759
-4793
-5141
839
-7549
-7833
2605
3020
5704
5375
7061
-5716
1942
8698
-7183
8741
9095
3810
-6375
-1951
2982
75
8643
-6948
-726
2122
-8908
-2854
-2813
7961
-7291
-7808
-100
8735
8026
-8095
-1267
-1480
-8814
5114
-7409
8046
-8247
9144
558
6735
-2508
-6850
-3025
-7682
-1895
5315
-6239
796
5029
-6148
-6758
-7199
-9474
8276
7297
6003
9501
5814
8679
-8975
4949
8338
-1985
4863
-5971
9600
-8337
-2811
-596
-5304
1774
6098
-6867
5855
-5182
-1847
-6212
8997
-2294
4348
-5821
-8947
-2612
435
6594
9044
6514
-3411
-7669
-6809
-6755
-4716
5460
-4614
-3508
-1480
3444
9595
-1378
1954
4955
3786
-1129
-5436
-7622
3107
8024
-2398
-6274
7834
-9344
-8876
8708
2019
3512
-7094
3411
-2713
-5454
-3128
7018
9241
8960
3489
7942
5841
6912
-1243
4011
5990
-5539
7479
-6071
6928
-8203
7868
9869
682
3309
1280
1356
3494
7775
-6869
-3717
-1947
6364
-8297
-2512
2450
-4552
-1542
-219
4398
-3045
270
2331
9962
1575
1287
2932
-7561
4525
-5039
1007
-2120
3990
-5533
7759
-8215
8994
8579
1020
4186
-8666
-7314
-6855
-3070
-7872
1936
4264
-3659
6141
5055
-9720
1842
6596
2515
1079
2449
7252
267
5327
2247
-6107
4477
-2773
-1971
3100
8829
2922
-1226
364
-631
-4954
4351
8921
2315
5396
5840
2374
-6693
1364
-8490
9617
5656
-8452
-1286
8908
1108
3007
6637
2647
4311
-3564
-4126
-1532
2923
-1574
8556
-2921
-7617
-4601
110
7988
-7295
1944
-3832
-3201
5727
316
-2751
-1369
1854
-2086
-8431
-1849
2994
-3201
-7643
3656
2571
2762
8524
479
-1205
8097
3500
-7469
7168
-5360
8143
-7633
-7325
-9003
-1178
-8943
6527
516
-7782
3043
5482
2943
-6597
-7874
-654
6801
-9366
-9916
-722
-2822
-6281
-7789
8765
1042
2907
5834
-1157
324
-4639
6809
829
2954
-5931
-9146
7412
3005
7256
8390
4492
-1279
8185
2086
3626
-2774
5170
-3922
5089
5007
-6204
-8952
9457
-4790
4181
795
810
7205
-6147
-9979
3069
-1747
4355
-475
1542
8349
8464
-6156
-2775
-1159
-1638
1958
6907
-4533
2260
-8322
-8174
1508
-3218
-8394
7035
-5052
9584
-6494
3704
1588
-8724
-1284
1283
9567
-2477
5683
-2480
-3287
-9334
4844
-32
5809
9433
-8499
984
-2596
3412
3302
-7680
6816
4164
-8626
-5618
2739
3419
625
-3941
2820
-4175
8763
8625
-7462
-644
8505
7382
1280
-4143
-3126
7203
3838
1494
-8234
-2461
6528
-1788
4509
7538
2208
-8
6122
-6903
6838
-3373
2467
-1825
-8888
-2009
-710
-677
5406
5122
-2849
-5584
166
6912
4627
4554
4873
-3603
8079
8825
-7889
2903
-3572
8924
2061
6082
-6348
-4809
-8586
7047
2717
6500
9158
-7949
7447
-7245
-531
3947
-3815
-2781
2990
-5543
2816
-3685
-7874
-2332
2569
7505
1252
-3336
1408
-3575
5541
225
-4739
-850
-333
-794
-9809
-4117
-4612
8409
6639
502
5805
-3942
-4155
2292
-7746
2713
-6864
-8577
8678
-4038
6247
-5452
4374
-2437
-2353
-9605
-730
-7115
-7615
8079
7217
4002
3780
5676
1953
902
5924
-4957
7400
7649
4029
3260
7142
2079
2364
424
3409
-2046
1636
4083
-6518
-4953
2505
-7637
2820
-959
-2626
-876
-8224
7880
8718
1416
-8825
1540
9553
1202
9644
2605
6673
-8412
1474
-2146
-4178
-7280
9720
-6939
-6089
3495
-8192
5875
3329
-7952
-2226
2623
3002
-6841
369
-2237
-325
-9159
8205
3880
5806
-2752
7961
7376
2778
7039
9970
6909
4368
8278
7474
5089
-2567
5392
-321
-5675
8112
9515
6921
7812
4567
-5159
-6042
-3494
-9631
-6784
-55
2370
-8757
338
8798
5342
9002
5787
3157
1921
246
9706
3844
1047
6407
2659
-3962
-9158
843
4644
-6486
-7027
2299
9215
-7563
4060
619
-7804
2044
-406
-5594
-6465
7486
9265
4128
-8100
599
185
9314
1129
-703
9577
1603
-7639
4847
1224
-2686
6966
-8364
-2268
-3176
-2280
-1726
7351
212
-4349
-7592
-3720
3493
1178
8356
-5054
6140
4651
2309
9872
-6921
-6549
-1955
-3374
-8108
-949
2004
5990
1672
-5276
8727
9019
-947
4870
9692
-3696
8040
7554
-1616
8968
-8024
2688
5474
2685
586
80
-5768
3391
7425
-9688
-5549
-6307
-2521
7763
-6547
2243
7274
790
5723
1937
3573
9686
-9000
-2149
-2365
2889
-7873
-4268
-818
-3254
-9727
5565
3338
3504
-23
-5997
1736
-7858
-3554
1665
4663
-6829
-3720
6178
-3282
7312
-6891
-836
174
-6176
4435
-2673
8969
-3942
-6509
4556
5563
-5563
957
6934
1325
-2181
-9808
-2781
-9591
-5569
-9239
3605
-2091
-4953
-5018
4155
1759
-5112
7402
2243
-3820
1740
241
1511
4813
-5444
-2522
6711
-7812
9485
8279
-1675
3638
-1432
7174
1918
3414
-68
3842
-9427
9718
9890
4158
4059
8014
5931
3230
4042
-7542
3956
-1750
-2082
6714
7324
7495
9089
8337
-7184
6233
4638
-7639
-6148
-7363
1120
-5216
-8736
2430
8997
6261
-9003
6821
-5888
9485
-3093
7599
2931
3961
-8272
-9062
9842
-7466
-150
6150
-9212
8244
-2624
7517
7731
-3506
9587
-6794
4524
6136
-2759
4750
-3282
3805
-9716
-7998
-9596
9187
672
1480
8401
8139
4552
9310
-5337
2905
2503
-9119
1457
-2858
-1233
-3624
-2394
4434
7817
4472
-8736
8332
7382
-3293
2153
632
6779
-1588
1905
-7844
7655
1092
-7240
-3602
3796
-8174
1933
6964
5415
2509
-1171
-4740
-4378
-3508
-2945
-857
554
8053
3648
-6147
2535
9926
-5762
2245
-3549
-1656
-6028
6351
-9184
3371
-3915
634
3024
6255
-1315
-3082
6610
855
-1748
-1016
-8581
2895
2194
4807
-8354
-8907
5440
-2267
2255
-8803
7654
5289
-6459
-3791
8937
-4830
665
4713
4722
-9986
-350
-2150
2752
-2373
2750
-6133
-2743
-6831
2255
-4601
-5886
7504
-3938
-3792
-8286
956
-1962
1951
7120
5367
38
-4661
-612
1884
-7213
6088
3360
9763
5724
-3618
-4543
8930
-5274
-9412
-8225
4178
-2935
7326
1193
3469
4707
6215
-8143
5587
-5513
-2378
-8066
-3288
6487
-7019
-3273
2507
-2225
4980
-2049
9782
-7097
-8422
47
-2515
-6537
1694
1909
4441
-3740
-7325
2675
-9092
3506
360
6738
3559
9576
5812
-8991
-4712
2646
4693
6763
-6903
5740
5401
-3151
930
7338
-3304
-2619
8337
1615
5653
5918
-3389
4658
371
9314
-5924
277
5174
-7527
1231
-8632
-2308
4235
6601
5566
8685
2112
-8890
5612
517
-5940
-5476
-1320
-7004
1655
4707
-5015
6534
-205
-3064
-1266
-5502
-7939
-5630
-859
-4226
-3158
-5716
4222
5411
-9568
4008
5694
1105
7797
-7239
-8309
8136
5532
-7321
4308
-238
-712
-2434
-3922
6855
701
851
-3978
5015
-8284
-4309
-7439
612
-2416
-1598
8897
9150
9355
-6233
-1772
-4014
433
-1200
-2665
-3852
7687
5495
-7803
9378
3593
-2600
3976
5033
-4794
-6289
4950
8154
-7027
9755
8651
7600
-8160
2542
-554
6330
-9521
4863
-585
-5403
-4881
-2310
607
-7158
5682
64
1916
8511
-3007
6052
2500
-3810
245
-5622
-1958
-9870
8184
-4572
9465
-22
45
-7632
7433
6493
7202
3765
2829
-2555
8388
2568
4146
1171
5708
875
4026
-965
127
-8312
5061
7440
-2654
6335
4159
-9217
-1947
-9038
2643
-5557
-5590
3971
1060
-3724
-9223
6476
556
-6620
-7870
-347
5656
-2925
-6915
-2565
-3362
-2551
-3078
5882
2916
-9374
9805
-7353
-42
-6419
-8751
447
-8708
2305
8712
-4751
-6447
-3932
9659
-890
-401
-8112
-3566
7338
2642
-5281
6096
-8136
1802
-3245
-3890
-6870
-6889
4927
5903
-9558
1361
67
-4769
9239
-1754
7021
-4130
-7328
6414
-7240
-5210
4545
-1064
5486
1738
-1018
4831
-4328
-9484
-6625
-9875
-8059
-8318
1338
-7334
1990
-9055
3064
-3189
-8839
-2041
7831
285
6925
-1228
884
7204
-4323
-4037
-5945
-2763
-2315
3013
-5947
-6912
-9015
5147
-1529
5309
-4374
-9767
4681
-4202
-7106
-4300
-6585
-4107
-3602
-8838
874
-9239
-3391
-3697
-6011
9261
-9566
-6445
5402
-2040
5977
-3954
5548
-3592
-4834
-9893
-4616
-7185
8358
8439
-784
-4203
-1935
9026
-2574
-2099
-9136
9384
4876
-4104
-7550
-8444
-100
-1124
7028
-7664
3836
6355
-6997
-54
9288
-5934
-2746
-8157
-1722
4194
-1222
5824
-1140
-1117
-413
-1300
6545
3878
4991
-1622
4622
-4247
7402
-8052
-6552
-5806
-7605
-9912
-3092
-7108
-7098
4356
3788
-7414
7983
-5914
-9351
3491
4607
-825
8941
6672
-6512
-1751
-368
4934
-4937
-2549
-6628
-5591
-2090
-481
-3439
-3461
3008
-468
-6994
7259
-5871
-3919
-3465
-9056
979
698
9110
-4208
7413
-2646
-5431
-2048
-6885
-2491
-9942
4433
8048
3738
1712
-2880
-285
5436
-9878
-107
5468
7020
-9953
980
6562
-3547
-7121
2309
-241
-5106
-5817
9389
5890
1540
1553
7739
-7073
4015
7713
4037
2421
9964
-5509
5127
9674
-5214
6438
-3040
6578
-9767
4294
-1299
-9313
2109
6615
-3845
5071
-2384
-3420
5377
1353
3581
5601
-918
3772
7714
9126
-1187
9570
-3467
3351
9197
-1788
4849
691
-2279
-3422
-2940
1915
-1092
-4913
-5031
-5985
-1459
-1734
332
3585
-798
-514
-9209
9947
6243
5897
-1925
-7115
7657
7962
-9541
5909
9871
-5603
9757
-7101
957
2601
1505
-3470
9065
3681
-7373
3580
-233
3489
-1934
7353
-7417
-8717
8523
-2699
2847
-7467
-6786
-3447
-5345
-5761
-2114
-3085
-7847
-5324
-6839
9223
-1834
-6885
2502
3272
6749
-3984
3440
-5143
8385
-4178
5311
3780
-3768
-6443
1193
3036
6937
-3956
-3507
639
-3069
5563
-5533
4508
8231
4189
7734
-7426
9932
-8231
-4353
9644
-7557
2700
2031
-3221
1113
270
-2487
-2675
-369
-3680
-2269
7775
-7103
4075
-2566
-1076
-1285
1324
-1179
4469
4374
-1476
3700
-5974
-6524
7943
7306
-2040
-3457
-7593
-9697
-8308
9695
5556
559
-930
-5735
-4707
4519
-3615
-3863
6146
-3395
-7722
-970
2962
296
-777
-25
-8904
-8696
-3526
-7815
1435
5516
-6495
8058
-3323
5661
921
-3948
8749
6745
-2477
-1629
-4733
9154
-3159
-9296
-2549
-749
2197
-1361
4142
1251
-4421
-5853
7882
5176
-7948
9263
8656
4291
-7191
-5708
-8913
4312
8299
-4050
-2090
-3074
8260
6797
-5043
-1425
4208
2889
9611
8931
-7239
4151
-3981
-4511
-5278
855
1001
-7489
7941
5828
947
-3547
-972
9780
-5028
-7641
5143
-5314
-3599
1419
7556
-3231
-1458
6477
-8448
6215
-6255
-3948
7412
-1763
-3028
7789
6490
-9309
6153
-2422
4685
2471
1626
3866
1535
5373
-3490
-6455
2175
4965
2945
563
-9981
-7880
1106
5296
4265
5950
8611
7166
4862
2455
-1985
-8446
-4217
4043
-8741
8542
682
-6815
-3800
9983
9388
-180
-4916
-2381
9120
9167
9058
-2292
-5018
4020
5763
-9477
5441
-9106
7168
-2028
-3269
1164
-9911
-1767
-8976
-6604
7290
2138
4646
-9292
-803
-2008
-2368
-3511
-3098
4648
4700
5293
3663
6097
-5147
-3188
-1160
5802
-1961
973
8818
6141
-513
3288
-1824
-8021
5045
-4613
5864
5137
-2184
-729
2952
-5328
-3444
-8310
2891
-5565
-2739
-1592
-7018
8640
226
2546
3136
7467
1819
4218
-2521
-7315
2420
4025
-5185
3830
7348
-184
-9471
-3324
-3542
-904
-5611
250
-5027
-9481
-7286
-6335
4978
-2648
-4572
8674
-1040
-2996
353
-1482
-1979
-5551
7479
-9070
4119
1519
7199
9840
-8204
3508
6411
6961
2773
-9918
-7022
-6395
-9578
-9422
1051
8612
9051
-2686
-8437
-3104
3673
-6563
-1770
3222
-6031
-9866
4907
762
779
-9971
6286
416
3385
-5485
-9248
392
-1128
-8529
3692
-3826
-1600
3795
-2260
4020
8044
2717
-1866
-3164
4843
-1691
-9237
2775
-1633
5036
-9265
9883
6965
8632
-1742
1045
8985
-6644
-2117
2906
-3698
5281
6844
-952
2561
4477
6695
1520
3992
1334
524
-1654
4970
-989
3123
7325
-8840
7119
3958
-31
-6589
-4208
-4316
-7521
1175
1282
9277
1079
5951
7755
-3893
4555
4507
-3069
695
-6917
4746
3854
-5693
5615
-7835
-7595
8217
-781
-3225
9597
-7545
7783
-8098
-4599
-6279
7419
2123
4510
5091
-824
-1128
-6149
6362
1096
-6565
-518
-281
-5200
-6051
4758
5046
1104
-6774
-2191
9712
4087
-6482
5709
5740
3978
-9459
365
-3418
-1058
1057
8113
4159
7003
5759
-9428
-3598
-5267
-3969
-2648
-9955
2442
-6236
2738
-6458
1963
-6553
-3397
-229
5177
-7728
3445
5144
-9157
-8805
-6165
-5462
8227
9050
5932
-3794
-301
698
-217
527
2864
-9787
-8548
-9826
-8906
-9373
-6490
-2253
1346
1689
-2071
7375
-9446
9980
-4639
-1462
-5839
-9836
-4618
-9443
616
1874
8368
-2052
5149
-1767
5846
795
-4369
7358
8583
3604
-7907
-5682
-9238
8706
-4549
7720
1660
2105
1575
3579
-5608
7170
-5141
-9747
6998
-6033
4083
801
-2440
5773
-4799
8444
766
-1116
-1301
-446
-7456
73
-5178
8024
-9467
3940
-5990
4601
-1855
-8859
1892
4046
8595
-7102
-4202
-3242
-817
-3966
-7951
8004
1416
3607
-7986
-5518
3533
7566
2866
7120
9713
-9807
-4458
575
9327
5314
9637
-2856
6126
-744
-2669
1342
-1018
8613
-6263
-5303
-8617
7294
1323
3842
7944
1307
-7845
-4574
8478
-9651
-9789
5517
4459
975
-964
9885
-302
4849
-1365
4633
-149
3297
7065
-5685
-746
8835
-2511
-9606
1892
7873
-6232
-7546
-9634
7730
-4653
6322
8889
-5019
-325
6057
5956
-4233
3690
-6729
1708
-5425
-1074
1879
-5453
177
-514
3753
1037
-7659
-3807
-2084
-8527
4270
5817
-7071
8910
-7110
4033
9350
-2060
8848
7018
6312
-198
-2153
-2756
8366
5500
5655
5946
-5665
-2515
4551
2472
8790
-5241
-1112
9224
-8486
7950
8501
-1398
-208
-5919
-9299
-441
-3073
-435
-2107
7151
-4562
-3012
3309
5394
-8555
3919
66
52
6942
-4238
-7902
1653
-3881
-8195
-9874
-5144
-7603
7706
-4400
7503
6825
-6116
6372
-3866
-5473
7031
-4648
8879
2011
4719
9714
7064
2931
1452
-7430
4598
-9083
145
9343
-256
9929
1677
-8092
-6928
7091
867
-9983
6847
-5443
3493
6288
-5729
7167
-2954
7708
-4546
9249
683
5455
4873
-4243
-8650
3824
-1524
-4783
-7775
8532
-6326
6336
-7634
-9385
6300
596
-4541
9157
-7499
2481
-1340
1766
-7763
-1768
7514
6632
5266
-6776
-9069
-5497
-4069
1560
-6405
-9903
1909
-4226
-7377
1179
-1160
5650
-5076
5017
-6718
-8768
834
-7760
-9776
7769
-9124
3050
-4274
4663
2405
-483
-44
4938
-7787
3342
-6993
561
3521
-9396
6276
-749
-593
8382
-2740
5489
-1356
3565
3868
8580
-9769
993
3496
-5567
751
3740
1942
-5278
2212
3732
8832
-2278
8533
-7927
951
5259
-155
-5227
7027
-7341
-4787
2380
989
9279
-7215
-6239
-1631
4914
9185
-1960
-6550
-9062
-2435
-4968
-5076
-2495
7834
-2167
-2362
-6984
8937
-6561
-5283
-7072
1042
6266
2126
1360
8706
-6032
-7851
-6439
5722
-3674
8699
-3455
8374
2191
-2966
9103
9026
923
1480
4271
5445
-7550
4298
-3159
5574
-7334
-7207
182
-3044
9986
-8029
-7628
-7377
-3364
7594
6371
-1735
5277
-9199
-303
-833
4514
4890
387
-5677
-2286
-9818
-3869
-4973
-4358
-8649
-8324
9110
2485
-984
6135
-9613
-8122
-5193
-2549
2240
-6723
6662
5950
9800
8742
9713
4104
1954
4060
-6541
-2762
-1721
-4217
-1308
3615
6247
-1095
808
1359
-3904
-7114
-4305
-9553
-802
-5318
9515
-548
2446
-2535
9189
6375
-1951
-2833
7895
676
4485
-1849
-2459
-1528
4507
9322
8763
5403
8140
5688
-3590
-1066
1596
-2348
-7240
-3627
550
7788
9688
8400
-9364
4616
2979
2656
-7403
-5721
7437
6065
-2175
-1354
-7066
6476
-900
3078
6712
-1584
-3090
-7879
6284
-1715
3352
1838
-2570
5494
2201
-9944
-1167
8190
-1064
5424
-9263
445
-8600
-5013
-4322
8707
-2305
9135
5615
-3522
-3711
8089
5487
1052
-4277
3966
-7257
5781
7495
4675
-5066
-728
-1274
9309
1984
-3279
-6043
-2208
-1165
-6
-5610
7988
1480
-9641
-9244
-309
9291
4309
-4701
8329
2831
4286
8400
2219
1285
-9178
3059
-6440
7327
-8756
1254
1730
-9108
-1656
4475
-3088
4390
-6451
8187
-3219
-9748
-7025
-648
-5845
8224
-6637
5674
3148
5824
4257
353
-760
803
-2608
2190
9347
-9674
-737
-3914
-9556
6949
1872
5949
-3192
-7196
5993
6194
-8358
3004
-3753
7516
2185
-8954
338
4459
-6571
-2211
-92
-9275
-1937
4390
6748
-3778
7157
-7030
-9330
102
-7279
4699
-8138
5949
8532
2744
-5310
2444
-3044
1710
9670
708
778
-1640
-853
-9870
8177
-6602
-5682
-4325
-691
-4222
-6135
-8264
9421
-7540
2629
3838
-1825
-3379
2678
-8434
3049
-802
1222
913
-7979
-89
-5832
-2353
2168
7139
-1484
197
5959
-6693
9349
-9507
-1707
8882
-8240
-1385
5358
3266
7425
301
6452
1018
4124
2498
7150
-4394
-3852
-7603
-9902
-2047
1647
6462
-3485
-5851
502
-9588
5707
2942
-2892
833
2145
-8514
2381
-1501
-4258
-4517
2544
5989
-8766
-6927
8188
-9314
2100
-5835
-8724
4190
-2563
-4884
9579
-7348
2657
-6563
-6764
4661
-3960
3456
-1613
-4406
-1600
6220
3564
-5001
-1443
4913
9006
7288
1145
6232
-9320
6011
7943
7876
1955
-1547
5950
124
-6226
767
6003
9786
-7905
-792
-4001
-1828
3895
-5186
6234
-1630
-6230
-5701
7763
-9210
-2850
-3055
-4410
1158
6618
-5366
3704
6220
-4921
2835
-9045
-5672
6067
4397
-9154
-4256
-6802
211
3820
-8282
-9835
219
2163
8979
9351
3010
-9761
-2802
-7676
-9434
1064
-1567
-4858
-5311
4640
125
6525
4645
4175
-1087
-6568
-8190
7007
5286
525
-763
9632
2213
-6292
1034
3232
-7304
970
-1086
9418
-8328
-7721
-9421
-1275
-4649
-9116
5048
1966
6245
-8714
2712
6546
4861
-6978
-8364
-1461
6202
7035
8139
-6200
2258
-1611
4077
6677
-2976
8216
2402
-4900
-3473
-4358
673
-3222
7265
8120
2473
-8559
-2788
6416
6962
-1609
9470
-8892
-9088
6544
2075
8534
3658
-6666
-6912
-2726
6768
3318
-1065
-855
-3920
-672
9190
-5333
6531
-3191
6869
-5483
5138
-4331
-8191
-9194
7804
-5530
286
-3643
-5275
-9488
-9092
-637
8189
6225
5431
-7145
-3170
6716
-9648
7864
4213
5842
7366
1162
-9184
-9876
-7916
-3058
-4040
2417
-4283
-6883
2877
7307
-5377
9650
-731
261
-4794
-3541
-4252
-8323
-9776
5563
-1633
-6579
9900
-9866
-7520
3570
-4582
9170
4140
-7562
-1158
9705
-3125
3573
-2726
-9118
7604
-3805
-4483
-4210
8873
-181
-7789
-6390
-5913
-2940
-7072
7321
-9211
949
9333
-7129
-9479
-1390
7595
-1147
-922
-76
3677
-9444
6804
5339
-435
-2442
2142
2635
1407
-9523
2563
1969
6828
4689
-4975
9683
3062
3903
6139
-8658
1163
4191
7504
920
-7276
6046
7052
-8636
3094
5044
-6667
596
-9567
-3193
1298
-1692
7555
8684
-236
-70
42
7951
-7197
3847
-1324
2470
7016
-6685
-1529
-3219
7482
55
-9368
4858
3273
-7721
463
8748
-1202
6293
-5370
-6030
-8013
8860
-5895
-690
3399
9147
-7827
4476
4293
-871
-280
-5331
-3713
3728
-4380
-5765
8123
-5898
-2072
6011
2659
-5323
1860
4050
1554
-8479
-6978
7478
-226
8144
-151
-5730
-3086
8133
1313
-5381
3314
769
8704
-8944
784
-527
4989
8700
9605
-3769
-4000
-5592
193
-5818
9994
-6696
-5464
-4186
9900
5736
-3933
-5885
6846
-5014
9349
-6079
-4432
9250
-9299
-5687
-9282
-2548
2317
5753
-8941
1593
-6238
-9200
4233
7498
6727
-2000
-5761
3814
9104
6299
-4106
-6970
1827
-144
4412
6509
-2902
-5092
-6523
422
7393
-286
-4196
-9480
2125
-2419
-1469
3517
1218
-3240
6203
-6599
-4387
1892
-6441
-9281
5301
-5455
6874
26
5656
-623
-6390
2966
-1694
5176
7559
9248
2261
-1999
1513
-2825
1215
9676
2941
-7210
3236
8679
4224
-9451
-3005
905
872
-4608
7646
-1523
1437
6650
-9516
6604
-3024
8680
2085
8082
-2121
275
5277
-3441
-3481
-4189
-6716
-6280
8721
7251
4664
-4551
9847
5093
-6056
-1404
-9575
8236
9988
-3106
1987
-1042
-8233
-3149
-1365
-776
4945
6953
8981
-6929
-4752
-6966
6655
-2340
-1357
6389
-9432
3880
6139
-230
1477
-585
-2906
-8572
8437
4309
-2444
6296
-6558
428
8609
-1700
-5451
-2876
2501
7340
-4818
83
5887
-7353
-6853
2832
-2787
8448
-6478
3322
959
269
4638
-8145
7471
-8673
4434
-5439
-9715
-5130
345
5311
1141
-3117
7987
8644
-463
-1565
1474
7502
-1019
-9532
-152
-8552
360
8125
3674
5504
-420
2846
-8774
4900
-384
-2535
3201
4416
-6965
3982
-8802
9958
6438
1783
734
9416
-7340
4056
-8704
3032
-9775
-8453
-635
-6024
-3678
1395
-4801
-192
-184
9684
-1685
-4697
-8755
-4501
-5860
3544
-9734
-4920
4166
-5295
-9509
-2314
-7759
42
7689
-6057
-752
-314
245
-2482
6137
3420
-4471
-8855
-3281
-9397
-3737
272
-9543
5251
-8193
-4569
-7014
-9068
6967
8301
5533
-9295
-920
-4042
-4722
96
7292
8229
2193
1853
-6075
5949
2738
6778
-3475
1035
4328
2819
9103
-140
-2103
6020
6416
4985
-6996
-8110
8951
-9232
7790
-5164
6584
-8868
-3661
8617
2455
8667
5016
2367
587
3079
8137
3493
8283
9271
-7522
8958
9723
4881
8090
4557
-9962
-2501
-3282
4191
-3236
1535
-8054
-497
3903
-1488
7977
6992
6154
8382
-6567
-9107
-7794
-765
-3977
7652
-7322
-914
-1359
-5790
4459
677
5262
9367
1996
-6730
4458
3689
8298
-3073
-7358
3417
-5903
3363
3769
6150
-164
-7862
-2166
-2612
-3221
-3675
-1074
5864
-8079
-2969
-3783
-5789
-5769
-4468
1232
2938
-1147
-3552
-51
-4610
3388
-1047
5704
8295
-16
-1580
7051
-1599
6189
-8059
-3723
-1323
7308
2193
-994
6193
-7053
-4691
-3989
-5301
2255
-4598
2013
-2561
5912
111
982
-7694
-2049
1715
-6777
-5159
-5129
9745
1766
-8423
-6353
-4301
-6685
-9488
-578
9742
-910
-8445
5254
4137
-8292
8559
-966
4584
1595
5562
-802
-7023
-5166
-1920
-4433
9159
-832
2669
4018
-7659
7100
5197
3444
-2683
-7054
-5958
1800
-3714
-1517
6298
-994
-1062
7707
-2527
5723
3239
-6038
5490
-403
-1788
9813
7010
9046
-7412
9036
-374
-6828
-9229
-3415
117
-1081
-883
117
-7963
-9662
-7383
-3997
3860
-1528
-3183
2583
-7537
-3514
331
2742
5907
5641
-4360
-5912
5031
-7222
9805
-7703
-9509
9460
-7132
-1528
-3656
7447
3927
7482
9912
1719
-8997
-825
1005
2054
6475
-2456
6785
-858
-1831
-1201
-2103
6499
-4579
9929
8643
9710
9069
7717
8759
3480
-7670
-7769
4649
-3039
384
4020
3222
3611
-896
-9625
-5869
5717
-6635
-3700
-4551
388
3689
2682
5877
9578
-3813
3302
8861
-9473
-3025
-2025
-3565
-9908
2481
1584
6297
-8561
-5124
94
8074
-5519
7370
6082
-5920
-3929
-9754
-564
-8794
-6869
-7602
-7617
-9416
-8203
1533
6887
-3594
-2488
3723
6277
-2342
-6774
1545
2126
-7199
-4624
-9588
-9527
5914
6464
-8815
-6759
-9550
-6324
3183
-6637
503
-2741
1745
5685
-1472
-868
5794
8924
-704
314
6142
4694
6573
2788
2966
-4160
-1254
-711
2459
4374
-2999
5513
5517
-8612
6254
8248
-5394
-6558
-4449
6579
7356
-2516
4373
5690
4870
1392
-583
-1793
1927
2054
-183
9446
5558
-3581
4715
-6290
3728
-5419
6820
-8709
4870
-1196
-6893
7963
-368
-9020
-597
-7521
-6818
-7539
-4
3954
9992
5622
-3751
-5685
6196
-1870
819
8540
988
-1718
-1161
-3866
-7151
5017
1493
6504
-1179
8821
-2991
7012
-6552
4592
-6023
-6228
-3282
1753
2139
5162
6603
2900
1234
8156
-1108
1618
-9562
-7915
-1031
-757
-5519
-7587
-5948
-2920
9221
5388
-1042
-1760
-9743
-1433
8238
2148
8150
-2335
8732
1551
5188
-2896
762
5597
3377
-5967
-3542
6566
-7380
-2402
-5932
-1058
4417
-1514
-3403
-2901
4065
9368
9245
-6386
7106
-5115
-1115
-5581
9430
-7092
5398
-898
-4156
7174
-9955
4249
1373
2643
-1320
9916
-8818
1255
7991
-3288
-8839
-2433
1391
4272
8330
6580
4289
-2735
-392
9947
-2056
-8543
-1008
-5802
-2657
8208
-7431
8314
-5951
9747
4977
-7203
-8076
6592
-1271
-8611
7555
2299
-9289
-1170
-4410
1576
7948
9558
1542
-2891
-1996
-4535
-5779
-4118
7956
-313
7167
-7851
6113
-3806
-8211
-6008
-3786
5278
-4620
4403
2123
-6612
-4691
-5749
3231
-7256
8868
-9167
703
-2613
9723
-631
5551
-3768
8089
1227
-5935
1544
-9584
6410
2505
5925
3888
9316
-899
9854
-795
-7232
-7500
8697
5441
7424
-7908
3827
-5058
-7644
-9394
7417
-6633
399
884
-4376
4342
-5534
7619
-6005
-7249
-2535
2294
9095
7
-9210
-8441
9523
1701
-9795
9246
6705
-3805
-1184
-1904
-1181
-531
4455
-2227
-2650
9123
-6568
-5663
5107
7191
1525
-4317
-8236
6105
-1033
3381
-2317
-8537
-124
3881
-2654
5116
8059
1505
-2457
-4287
9899
-3873
-5641
2603
2261
-5448
-8754
6383
4547
3503
-7560
6737
3431
9690
-2418
-2238
3851
-2754
3478
-4457
8874
4485
8373
-4984
-7461
5672
740
-137
-6314
63
5522
-4781
-865
4178
-7078
5500
3994
6862
-4464
-9939
9411
-8233
1874
968
6946
-4221
-4138
8243
9297
4648
4646
3965
-3138
2533
-9605
4433
-8732
-6103
-2434
696
-8234
-4930
4132
469
2111
8775
-1968
1445
4097
-5645
4182
229
-8952
4882
-9351
-3171
2723
7169
-7751
-6995
3330
1978
-2998
7299
-8676
-1359
-1916
-1156
-5195
-7895
-8582
-8285
9937
-4609
7292
-2240
-5654
8211
-1858
7424
5533
5648
9161
1905
-7345
3809
-2328
4102
4959
2511
-7582
9348
3246
2388
-3266
887
-3538
7413
-7060
3421
6922
-3997
5614
4111
-1866
895
4636
8319
-2688
189
-397
-2277
1310
-2189
1629
3889
-7786
-2341
-1847
9870
-2109
-504
659
8731
7772
-13
-6876
-6537
-76
-5304
5245
4311
8525
3876
-5423
7821
-4634
-2242
-6260
-2623
-8436
3340
-8010
-5153
1862
3860
8359
8705
9739
-4353
-6602
-7607
-5507
5549
-670
861
8964
1542
-7271
-257
-4904
-8241
-7504
-4967
-2915
-2550
-8357
-4254
-8997
8615
5600
-3924
-4586
-7769
189
2582
-9314
-1338
-4430
-3124
-2881
-5544
-3386
3126
-9356
-8225
1463
9443
-568
1147
-8161
-4663
-4582
-2010
-6847
105
-7627
-4481
-5628
-2480
5187
2692
7059
5080
-4885
6927
-778
-8941
-3120
689
4559
-1579
8543
881
935
-7384
1833
1962
6136
-3736
-8079
-3514
-6295
1864
-3811
1037
1698
-3999
-3606
-3670
-7638
-3646
6819
3847
-9944
265
-5547
-4711
-4807
-9540
4028
4842
-1808
-3277
6175
6638
-9836
-2894
-2625
-4626
6919
5495
-8488
-3081
-6123
5556
-7278
7606
6218
2967
-1200
0
-9025
-2260
5775
-3513
-6571
228
-9778
-7600
5998
7923
-464
4501
-9905
8313
6979
2045
3611
-9042
-9520
6633
7806
-4701
4588
-3333
8092
7683
-6006
635
-344
-1339
-8536
-631
9736
8794
-7349
9506
2597
7192
1428
8057
2390
-7007
3385
-3137
-2039
7175
-2874
-4888
8306
-8246
3554
4670
-2427
8439
9728
2024
1995
-882
7830
-8277
6109
4450
-3847
-5153
2660
6875
-6678
3812
-7988
-9833
-4722
9318
-784
-9198
7469
1422
-801
-5559
9963
-1534
-7549
7276
4358
5057
-6715
-4029
-7169
-3571
3169
4106
4614
-5688
2613
97
5222
-5814
2143
4068
5988
-7977
156
9222
-6672
2172
6668
6846
1529
-7089
-4136
5384
-7500
-103
-1295
8377
-5878
2825
9127
3314
-8246
-6806
6601
-9468
-9900
3908
-350
3142
-6095
-3769
206
3247
7691
5144
-8963
-9840
5649
2622
-1134
-2616
5978
-8699
6073
-7404
367
8940
-6214
-7868
-8812
9148
-379
5225
-1493
5046
9393
7702
5912
3695
4454
-3960
-8789
6688
-8018
4662
917
54
-4878
-4637
4043
-5428
-2356
-7872
9386
2095
7878
-9525
-9127
5706
-8891
-3293
827
-377
-7862
1677
511
9215
-7416
4350
7683
8705
-2675
-2479
-3288
1038
4231
2925
-6720
5598
7531
-9763
-6708
9869
5870
-4305
-9800
-8200
-1549
7017
8831
5771
8304
-6363
3471
4552
-3943
5414
9752
-4093
9766
-3197
-7120
5353
9211
-7656
-8294
-5974
4243
-2553
-774
-6722
7358
-2056
2959
-4041
8881
9353
-6685
9558
3332
6833
4323
4199
1857
7919
-1436
8383
9674
7584
3764
9477
-9752
-2535
674
4155
-1806
-7428
-8258
-623
-4500
-5380
8661
-8125
6691
1639
-9293
-5051
1419
2027
-4508
1412
1564
-9085
-1871
-9512
-6309
-1249
-4625
6901
-9602
-1447
3914
4264
-4200
-3945
2919
9353
4255
6027
6783
5054
3536
-4344
-6883
-8239
2531
8380
7897
-529
3262
3731
-5217
2899
-4250
263
-1397
68
-5005
-9863
-4463
-1709
5291
6480
2308
2074
-2420
2487
9095
-6752
7533
-2285
9294
4102
4746
-4852
-3753
-7113
-3256
3952
-8099
4767
8594
-4287
-180
9605
133
-2592
1354
5939
-7187
-16
-5733
-5697
4740
6060
5475
2851
4054
5899
3951
7151
7699
-7289
-1894
1008
8251
-8664
-6357
6421
-5339
3520
-9656
2901
7758
1326
7575
1515
-8617
-7737
-1553
4369
9269
-6921
2392
5107
7061
-8745
3371
7796
8337
2512
7397
5282
5700
-9931
-4244
2373
-1257
443
-4710
2445
1329
-2147
5229
2696
2363
821
-3049
-8811
2211
-8524
1898
3984
5008
-4880
8585
469
201
-7632
3315
-4508
220
6387
5910
6086
-9498
-1558
7225
-5890
-1124
-485
9225
1895
6154
-7999
3271
3833
-3459
179
-4816
4813
-117
-152
-9591
3487
-3472
-9106
-6299
-838
471
-7229
-9704
9630
1625
4709
-6396
5880
1329
3221
6424
-3556
5352
814
5765
4144
-3648
-1541
7486
-5896
7043
7557
8408
48
963
6493
-9075
6829
7039
9442
-1629
7022
-9710
5263
-8492
1173
-3930
-2084
3554
5208
-7974
-4800
-3267
-563
-9957
-7465
-5095
-8203
-4817
-620
-2892
-1885
-9315
1650
-1340
2492
-2379
5039
2482
-9439
-3469
407
-6610
-3525
-4246
-8266
5266
-6149
-3622
-4950
-2953
-8913
5560
-9208
-9201
7823
-4631
-2884
-5875
1852
3867
-9031
6449
-5329
3606
-9442
-2078
-8519
-8207
9554
-2620
-4783
2423
1682
1359
1617
-5861
7600
3763
-403
-6636
4938
-1856
-9239
-7355
-3759
9528
7237
-5255
1880
-7914
7636
-1666
8521
1810
-6452
7424
-9081
-1972
646
-3634
6532
8782
-6522
-5279
-1070
7054
5981
6252
-1851
-9570
-2127
-3219
308
-8861
-7902
151
1191
1391
-9752
-5900
-4338
1280
-8974
2284
102
-2914
-2577
-4941
5224
-9197
-9980
5973
-7005
-6650
9152
491
5320
-6979
70
-5061
4905
393
6426
-3680
-2404
-6384
-2194
-4535
7207
1313
-4581
19
-1054
-7349
-858
-4695
6951
9307
-1403
5755
-4893
5599
-5616
-6656
6985
1628
-9230
-2395
-4634
-4476
1487
-7846
-4324
-4847
-4904
4788
-9323
-9778
-1501
-6756
7951
3766
-5346
3898
4493
2265
703
-1999
-7435
-9549
-8756
6722
9511
1263
-111
-3591
-4735
-5665
-9411
-7516
2036
-1881
-6625
3946
7771
-8581
-611
9877
-8468
6387
-4192
9800
-9444
1093
-4190
5246
-4014
2819
4506
-6688
2107
-3192
9223
6467
-1401
339
-3701
5937
717
1678
3560
-9176
-8909
-1601
-1167
179
3005
-1272
-6954
7358
-7531
6529
-2192
-9166
1501
-2378
1470
-3680
-5696
-6287
1345
1543
-2079
9751
8915
-9029
-6705
-1759
7761
-5521
4091
-522
4517
5469
-7458
8217
105
-9249
-5432
6393
5120
5351
-8451
3210
-587
6745
3800
5272
-6536
3992
9142
3877
-1659
4294
-6617
2858
-6867
-5369
-5211
9588
6821
-5117
4339
-5110
4547
8534
1522
8352
-9775
9358
-3916
-3672
-7986
-7072
-3049
6506
409
333
9360
-668
3089
7991
-1029
5278
2324
-9782
6962
-9769
-2544
-9571
4005
1508
-3164
8420
-3969
1287
2566
-3022
3413
-2966
3838
4303
4820
4930
4126
-7489
-1689
4400
-8247
-6506
7225
-8417
-2200
-5506
1153
8338
-4477
853
7934
9217
-4193
6108
-3997
3516
-3433
599
5073
-265
-4929
7257
-9956
-8980
3485
-2400
324
-8681
2857
-5785
-4614
8237
7118
2999
-2554
6533
9866
-8740
4395
-2148
7593
-2564
-1543
-9061
8357
7222
4490
-6674
-5729
3099
2283
3010
7600
5686
3697
2769
7570
6553
-4724
5499
2086
5509
4404
-1929
-4007
-8011
-307
-1399
3475
-2347
-9672
-3845
1211
9857
6945
-4774
1748
-8729
-1455
-4565
416
991
-842
6946
-7542
-8671
1122
-4297
-802
4295
313
-4642
-9111
8015
-103
2660
-4594
-7995
6576
743
-683
6818
-35
-3750
-4454
-24
235
-3525
-1558
-570
1400
-5670
-3108
-7469
-6458
-934
7334
-8998
5028
-7467
8278
3218
-8608
-1233
2490
3267
7089
-3546
6746
-7567
9515
4649
1998
-3165
-4091
2753
-8887
-5996
-4074
2200
-4938
-9646
-1982
-813
4448
-7008
-1434
-7019
3095
3365
9159
4486
-7537
-7800
-5425
-945
1458
1857
-9683
5582
-106
-2321
9274
9028
3801
3974
-5058
-98
-6314
7794
-5100
-8540
-9869
6413
3438
-9697
2485
-4621
8534
-8423
-7826
6919
579
8428
-9353
-9973
-2216
9769
2750
9550
823
-1881
-8080
5985
-6935
-1727
9698
-7101
-3498
8216
2508
-4501
6491
3022
2005
6057
4790
7761
-4756
7665
-9386
3867
9735
8610
942
-4385
7738
-5286
590
6165
133
7088
-5219
-6443
-5317
3781
-3985
-8556
-2193
-9222
6264
7769
-5767
-9175
-1480
-6705
4984
-880
-6102
-5588
6400
5839
-8929
6442
-3620
-4508
-6067
7866
9158
-5849
7747
8651
9866
7894
-8991
7294
-933
-9304
-3020
6825
-9771
-6841
8951
8303
9725
-3315
-8518
-5206
-3465
-8125
4179
7819
6794
602
-5039
9300
-5157
1296
-8920
9807
-8640
-7320
-485
7617
-3168
2904
-3208
-27
4233
-2009
-4940
960
8103
5466
-5848
-4002
-258
-4486
8974
1649
-205
-1501
-3801
-2716
-5140
9269
-7572
1567
-1540
9405
9125
-6002
-4265
-5676
-2071
-9968
4145
8380
64
-4538
6422
-3070
8539
-8410
4608
8036
-1048
2777
828
3443
3315
3790
3451
4745
8749
-175
5958
-7930
1344
-6274
7782
-4017
-9049
-6106
-1323
144
-5144
82
-7813
-7095
-8548
-8391
5480
621
-5748
9015
9402
-7865
5746
3225
1783
-8241
-2715
-719
-2808
-8002
-1547
-7126
-6434
4321
-6357
5870
-414
-3556
128
6625
-2518
-3150
-8855
-257
2273
-6867
-3751
-7680
-5991
8119
8566
8469
5125
2204
6
-97
-3083
3796
2087
-2162
-5367
-2159
-7503
-7472
-6587
1837
8104
-5860
2954
-9330
2810
-4291
4582
6611
3770
-5543
334
1286
-2982
3840
-6685
4897
1475
2542
-7787
-8069
-2613
-2201
6947
-2308
-4871
-2000
-5173
-303
-3839
5853
-5040
1821
2202
1946
-3303
-7185
-890
-3118
411
553
9951
-2043
-3532
-5733
9885
-7205
1365
-9404
4263
-2943
-7707
-8822
-8484
5621
5716
4203
1877
-4238
9816
2605
7623
9960
1487
7361
-8525
-5932
9069
1792
3863
5731
3989
-4998
5668
-4353
-6681
-7300
2408
-6042
-7949
-3036
2866
4791
-6333
2386
-8862
-124
7455
3161
3927
-3214
8
-8858
7588
8238
-1239
7988
9320
7707
3090
-3477
-8810
7287
-4922
5470
8545
-1164
6220
2892
5540
3595
4022
-1217
-330
-7466
9525
-4335
4647
-8800
-803
145
-8620
-551
8778
2938
2278
5419
-2137
-9652
-8228
-1223
1635
9671
-3589
-8146
3289
-790
-9481
-5762
-2119
5774
7656
-3713
2219
-8984
907
-4483
8114
-4488
4362
-9185
942
-5855
8549
-2175
2952
6696
-2084
9911
4326
-2706
9958
3860
-6017
7849
-262
6459
4700
9039
-8574
-444
-6639
6476
-1844
5206
1149
5717
-6700
4429
-84
-7343
-7903
-4618
-6975
-4046
5862
-2107
-7800
8111
7751
4739
9150
9177
4753
-797
8871
-5086
-7783
-2142
513
-5476
5349
-4783
7993
7266
3613
2173
-5453
4526
7214
9991
3203
-3808
7535
5888
-380
3977
3975
-2052
8972
5140
5827
7169
1113
5770
5819
1259
-9895
-1064
-7764
5027
5401
-6903
-5432
5716
-1766
-6534
-7647
4056
1794
9112
-3904
-6697
-3838
-3843
-2048
7421
7444
6702
-1514
6852
-296
1303
-751
9813
-2807
-7398
-3785
5614
5984
-993
5187
-9700
-8435
3160
4058
-1118
6207
1690
1376
-1034
-7597
9606
-7120
7183
-8233
-5467
-6704
2550
-3514
-5825
661
-3016
-3924
-4851
-7512
-6944
8014
3421
-7767
9431
-6509
-4087
4687
1890
1616
3526
70
766
-3771
7722
-4189
616
6121
-2183
2144
7929
-4396
-9626
9289
-1384
-3813
-9821
-8172
-9151
5291
-2988
8949
1543
4705
1733
-2720
228
-1831
6619
8537
-2527
1554
-1197
-2397
-5613
-5888
-4948
2385
6945
4849
1963
-4297
-3692
-2247
-2592
3244
3667
-1738
-5143
-82
6927
-6324
-7110
-1651
-8200
5784
4646
-2687
4647
-2358
-1394
8426
7586
-7563
6041
-8492
-5169
-9758
2005
6636
3695
9901
2458
-3744
-2868
8487
-222
6761
6039
7028
-1474
2817
-3794
-9072
6261
6426
-9626
4662
-7619
-1067
2214
-6935
1470
8093
-6735
-8235
6555
-298
8572
-5109
6537
3983
54
2288
-139
-496
-5486
2453
4866
333
4545
-3443
-4875
-4799
7751
4353
-1822
5487
5375
-6829
7553
-4892
-707
-5161
-1447
8627
-2391
-1336
-5614
9703
4776
2143
-2410
163
-5655
-5949
-7226
-3533
7422
5051
-2596
-849
-3728
2047
1915
-2565
4317
7294
530
-5000
2544
-7680
9842
-1181
9407
530
5347
-5241
710
7379
411
-6151
-8542
-3585
2602
2453
6464
9213
9200
4088
1929
-6164
-1840
-8192
-5063
-7477
-236
821
7035
7560
1684
-2161
349
3488
3096
7955
-528
-8634
260
-8807
-9250
8380
-3787
2866
-3046
8277
-1741
2404
-2054
6165
1659
8643
-7884
-1434
-1829
1481
-5485
-9945
-5957
7828
-8838
-9896
-7007
1354
-5480
1005
-522
-6495
3051
-1820
-6612
-7333
6145
2733
4030
2220
-1007
-3927
-2463
5396
-5864
-3580
-7601
-9034
4265
1713
6889
-9469
-3021
6961
3011
-1255
-3761
-6632
5042
6129
77
5198
3893
521
8163
-8081
-4932
4298
-5797
6722
-8265
-4898
-5288
1417
4324
-4613
-2438
7918
-459
5720
-1156
-9499
-9172
-4276
-53
-9648
-4508
5307
1794
4863
-3926
8319
-1133
-2374
-2342
6263
-7456
-4954
-5986
4338
-5821
-5643
-95
2472
6554
-9023
6618
-7268
866
-3884
1702
2608
1417
5080
2983
4176
-4476
-1453
-1396
-28
7692
-5242
340
-465
6269
-9637
-7944
-4518
-7912
-5302
-9833
-9787
6589
2658
676
-9573
-5114
-3977
1314
-2058
-6835
-6479
-618
2667
-9653
-6344
4545
-3120
3207
-3181
-2644
-4063
-433
-1309
-5592
-9519
-5272
7370
8818
7421
-7539
1053
56
8501
1938
-4602
-9201
7817
1675
-7077
-4433
2383
-9714
7084
1024
-3039
-9996
-7906
-5767
-1057
-5640
5326
-1516
9584
774
-1101
4733
2167
-8483
5959
-1803
9021
1765
-4254
-7321
9993
-7141
5240
-9260
8227
9476
8681
5610
4909
9073
465
-7476
-8623
694
-8297
9906
3407
-8269
-6251
-3217
-1517
-127
-6936
8918
-9782
-3671
5765
8381
-5119
7417
-8804
2586
8145
-3172
-7154
-6007
9053
-2201
5477
-5953
4101
-8939
4065
165
-7046
-2361
-1453
-4783
-1923
1541
5681
-6137
8697
-1110
4893
3301
-9374
-9168
215
-4338
-8016
-7467
-3539
-9392
1203
-9804
1567
5482
-1184
-10000
8643
3813
-1998
-8599
4518
-8862
-1103
-6088
-3837
105
1336
3892
5104
-2214
-9435
5041
7612
-70
3975
-916
-3602
8184
-669
-691
-3677
-9289
-6166
-9626
5996
5280
1534
-9808
1232
-4126
1302
9191
7581
-780
-883
-6156
-1378
-8474
-7362
-24
5798
9996
-6877
-7506
-7540
8828
-4846
-7554
2887
-364
-6827
-6899
-3548
-9698
-2572
-921
6611
5638
-4936
-8006
2314
7221
9766
9950
-7138
-4360
-4120
-5442
492
-2296
6699
25
6426
-6236
-7406
6360
7448
-8910
-3318
4480
-8975
-904
-6324
-3392
1334
2848
-5312
3280
4665
-5118
-5693
9784
9614
6806
8150
-6778
6261
-7001
-3397
681
-9495
-1991
-3322
9542
1735
5223
-2633
-7952
-8208
5651
-1750
997
-6931
785
3191
8582
-519
-2899
-6484
-1635
-4248
-803
-6216
-5440
-1660
434
-5097
-3038
-7905
-8041
-3668
